1 2 22 47 452 231 49298 453 226
2 47 67 89 453 226 48793 450 229
3 89 109 132 450 229 48595 451 225
4 132 152 175 451 225 48790 450 229
5 175 195 220 450 229 48690 451 228
6 220 239 263 451 228 48387 452 225
7 263 282 304 452 225 47683 450 225
8 304 324 349 450 225 47479 459 225
9 349 368 391 459 225 48187 455 228
10 391 411 432 455 228 47584 452 226
11 432 453 480 452 226 46983 459 230
12 480 498 518 459 230 47279 460 226
13 518 540 567 460 226 47586 457 229
14 567 587 604 457 229 47286 471 217
