1 17 46 85 455 230 48566 455 228
2 85 108 143 455 228 48563 459 231
3 143 164 200 459 231 48775 455 231
4 200 221 257 455 231 48760 454 232
5 257 275 314 454 232 47872 460 230
6 314 332 369 460 230 48069 460 231
7 369 392 428 460 231 48466 459 231
8 428 451 488 459 231 48461 459 233
9 488 508 547 459 233 48463 454 236
10 547 569 610 454 236 48565 459 237
11 610 635 675 459 237 47453 459 237
12 675 693 734 459 237 48670 464 235
13 734 756 798 464 235 47453 459 237
14 798 819 864 459 237 48458 463 237
15 864 884 927 463 237 47654 476 233
