1 12 28 65 465 258 500139 462 260
2 65 82 115 462 260 495133 452 262
3 115 135 171 452 262 494123 466 263
4 171 188 223 466 263 488121 455 263
5 223 241 272 455 263 483120 451 266
6 272 291 324 451 266 481125 452 267
7 324 343 382 452 267 484116 453 266
8 382 400 443 453 266 479119 463 265
9 443 460 509 463 265 490124 457 264
10 509 528 575 457 264 494125 450 264
11 575 594 641 450 264 494120 454 264
12 641 660 695 454 264 485124 465 266
13 695 712 748 465 266 490124 451 268
14 748 767 802 451 268 489126 450 268
15 802 821 841 450 268 489127 455 275
16 841 859 880 455 275 494123 453 278
17 880 896 912 453 278 486114 475 255
